30
0.0032477148111261377
-0.0013315615517219205
0.0035384474145994157
0.004295556389290348
0.0017530469810564115
0.0010717088287766437
-0.0018512718091211078
0.0015665159115419139
0.0039949908052120085
-0.00018831257296140239
-0.00028294878545461215
0.0016831325738795337
-0.0018009134787378514
0.0001646709225761458
-0.00016871368985823764
0.0004991000415996492
-0.0004900578302116744
-0.001402301900089908
0.0004630812642380767
0.005435763663659514
0.0005092015564799453
0.0017879162846360065
0.0008943506883052912
-7.968099338804165e-05
0.006404040917802186
0.005027095133605999
0.0004243287919093349
0.0003427819834946165
-0.0037849853832844717
0.00252273875773508

0.000279 1.200938e-04 0.000186  0.000389 0.000182 0.000155  0.000104 0.000140  0.000246 0.000334 0.000334  0.000148  0.000037 0.000163  0.000057 0.000162  0.000334  0.000047 0.000250 0.000346  0.000426 0.000152 0.000071  0.000009 0.000409  0.000351 0.000093  0.000130  0.000066  6.296393e-05
0.000120 1.711700e-04 0.000120  0.000137 0.000170 0.000088  0.000130 0.000112  0.000165 0.000180 0.000182  0.000106  0.000042 0.000139  0.000076 0.000131  0.000182  0.000052 0.000127 0.000248  0.000225 0.000116 0.000062  0.000082 0.000238  0.000151 0.000128  0.000118  0.000060  9.097130e-07
0.000186 1.199058e-04 0.000279  0.000254 0.000139 0.000127  0.000066 0.000148  0.000182 0.000288 0.000290  0.000097  0.000034 0.000140  0.000079 0.000128  0.000221  0.000062 0.000257 0.000263  0.000315 0.000149 0.000079  0.000085 0.000352  0.000247 0.000137  0.000081  0.000055  6.912443e-05
0.000389 1.370503e-04 0.000254  0.000837 0.000306 0.000264  0.000077 0.000198  0.000420 0.000529 0.000529  0.000257  0.000027 0.000252  0.000053 0.000245  0.000596 -0.000013 0.000424 0.000622  0.000719 0.000256 0.000068 -0.000087 0.000717  0.000617 0.000079  0.000193  0.000080  1.606725e-04
0.000182 1.696114e-04 0.000139  0.000306 0.000371 0.000172  0.000157 0.000147  0.000296 0.000265 0.000269  0.000143  0.000030 0.000308  0.000063 0.000165  0.000344  0.000048 0.000189 0.000394  0.000355 0.000154 0.000037  0.000015 0.000422  0.000174 0.000162  0.000145  0.000083  1.659606e-04
0.000155 8.796723e-05 0.000127  0.000264 0.000172 0.000160  0.000057 0.000114  0.000203 0.000207 0.000211  0.000113  0.000022 0.000156  0.000067 0.000117  0.000203  0.000029 0.000166 0.000254  0.000267 0.000127 0.000055  0.000006 0.000260  0.000204 0.000090  0.000096  0.000056  1.259108e-04
0.000104 1.298825e-04 0.000066  0.000077 0.000157 0.000057  0.000456 0.000043  0.000194 0.000119 0.000118  0.000096  0.000009 0.000132  0.000024 0.000055  0.000373  0.000061 0.000043 0.000345  0.000211 0.000061 0.000015  0.000090 0.000338  0.000126 0.000065  0.000082 -0.000027 -6.484509e-05
0.000140 1.117970e-04 0.000148  0.000198 0.000147 0.000114  0.000043 0.000231  0.000181 0.000221 0.000225  0.000107  0.000022 0.000125  0.000070 0.000139  0.000218  0.000038 0.000173 0.000275  0.000328 0.000122 0.000063  0.000078 0.000273  0.000191 0.000110  0.000098  0.000008  8.154998e-05
0.000246 1.649652e-04 0.000182  0.000420 0.000296 0.000203  0.000194 0.000181  0.000473 0.000358 0.000361  0.000195 -0.000006 0.000248  0.000054 0.000183  0.000511  0.000008 0.000272 0.000558  0.000491 0.000180 0.000053  0.000043 0.000604  0.000354 0.000098  0.000137  0.000072  1.272379e-04
0.000334 1.799057e-04 0.000288  0.000529 0.000265 0.000207  0.000119 0.000221  0.000358 0.000624 0.000619  0.000170  0.000013 0.000250  0.000046 0.000218  0.000621  0.000040 0.000391 0.000522  0.000696 0.000213 0.000065  0.000016 0.000675  0.000465 0.000130  0.000162  0.000130  1.110723e-04
0.000334 1.818216e-04 0.000290  0.000529 0.000269 0.000211  0.000118 0.000225  0.000361 0.000619 0.000616  0.000169  0.000014 0.000254  0.000049 0.000221  0.000616  0.000039 0.000391 0.000524  0.000696 0.000215 0.000067  0.000017 0.000673  0.000469 0.000133  0.000164  0.000128  1.136609e-04
0.000148 1.057914e-04 0.000097  0.000257 0.000143 0.000113  0.000096 0.000107  0.000195 0.000170 0.000169  0.000212  0.000027 0.000125  0.000053 0.000126  0.000226  0.000026 0.000143 0.000271  0.000277 0.000121 0.000056  0.000075 0.000277  0.000174 0.000053  0.000122  0.000035 -9.777631e-06
0.000037 4.167670e-05 0.000034  0.000027 0.000030 0.000022  0.000009 0.000022 -0.000006 0.000013 0.000014  0.000027  0.000078 0.000026  0.000046 0.000035 -0.000035  0.000038 0.000039 0.000019 -0.000018 0.000031 0.000039  0.000041 0.000021  0.000021 0.000062  0.000025  0.000030 -1.373084e-05
0.000163 1.390566e-04 0.000140  0.000252 0.000308 0.000156  0.000132 0.000125  0.000248 0.000250 0.000254  0.000125  0.000026 0.000288  0.000057 0.000148  0.000298  0.000052 0.000168 0.000328  0.000315 0.000137 0.000038  0.000029 0.000364  0.000146 0.000132  0.000127  0.000079  1.448706e-04
0.000057 7.640480e-05 0.000079  0.000053 0.000063 0.000067  0.000024 0.000070  0.000054 0.000046 0.000049  0.000053  0.000046 0.000057  0.000097 0.000067 -0.000011  0.000043 0.000059 0.000057  0.000057 0.000061 0.000075  0.000068 0.000036  0.000043 0.000086  0.000064  0.000058  3.696274e-05
0.000162 1.308514e-04 0.000128  0.000245 0.000165 0.000117  0.000055 0.000139  0.000183 0.000218 0.000221  0.000126  0.000035 0.000148  0.000067 0.000184  0.000202  0.000032 0.000176 0.000272  0.000347 0.000127 0.000061  0.000051 0.000264  0.000208 0.000106  0.000149  0.000055  3.659532e-05
0.000334 1.822838e-04 0.000221  0.000596 0.000344 0.000203  0.000373 0.000218  0.000511 0.000621 0.000616  0.000226 -0.000035 0.000298 -0.000011 0.000202  0.001008 -0.000010 0.000362 0.000797  0.000826 0.000197 0.000010  0.000021 0.000929  0.000478 0.000072  0.000164  0.000089  3.317722e-05
0.000047 5.210431e-05 0.000062 -0.000013 0.000048 0.000029  0.000061 0.000038  0.000008 0.000040 0.000039  0.000026  0.000038 0.000052  0.000043 0.000032 -0.000010  0.000116 0.000031 0.000013 -0.000050 0.000040 0.000037  0.000047 0.000003 -0.000013 0.000083  0.000035  0.000045  1.088969e-05
0.000250 1.267513e-04 0.000257  0.000424 0.000189 0.000166  0.000043 0.000173  0.000272 0.000391 0.000391  0.000143  0.000039 0.000168  0.000059 0.000176  0.000362  0.000031 0.000357 0.000395  0.000477 0.000193 0.000070  0.000050 0.000473  0.000353 0.000098  0.000117  0.000067  8.077076e-05
0.000346 2.484585e-04 0.000263  0.000622 0.000394 0.000254  0.000345 0.000275  0.000558 0.000522 0.000524  0.000271  0.000019 0.000328  0.000057 0.000272  0.000797  0.000013 0.000395 0.000986  0.000789 0.000272 0.000066  0.000057 0.000861  0.000576 0.000137  0.000207  0.000023  1.461350e-04
0.000426 2.245336e-04 0.000315  0.000719 0.000355 0.000267  0.000211 0.000328  0.000491 0.000696 0.000696  0.000277 -0.000018 0.000315  0.000057 0.000347  0.000826 -0.000050 0.000477 0.000789  0.001262 0.000282 0.000085  0.000040 0.000863  0.000679 0.000096  0.000252  0.000048  1.083137e-04
0.000152 1.155537e-04 0.000149  0.000256 0.000154 0.000127  0.000061 0.000122  0.000180 0.000213 0.000215  0.000121  0.000031 0.000137  0.000061 0.000127  0.000197  0.000040 0.000193 0.000272  0.000282 0.000169 0.000057  0.000042 0.000285  0.000231 0.000088  0.000102  0.000024  4.143233e-05
0.000071 6.221301e-05 0.000079  0.000068 0.000037 0.000055  0.000015 0.000063  0.000053 0.000065 0.000067  0.000056  0.000039 0.000038  0.000075 0.000061  0.000010  0.000037 0.000070 0.000066  0.000085 0.000057 0.000075  0.000066 0.000048  0.000091 0.000064  0.000052  0.000042  4.876824e-06
0.000009 8.196082e-05 0.000085 -0.000087 0.000015 0.000006  0.000090 0.000078  0.000043 0.000016 0.000017  0.000075  0.000041 0.000029  0.000068 0.000051  0.000021  0.000047 0.000050 0.000057  0.000040 0.000042 0.000066  0.000206 0.000091 -0.000027 0.000059  0.000041  0.000009 -1.005092e-04
0.000409 2.383568e-04 0.000352  0.000717 0.000422 0.000260  0.000338 0.000273  0.000604 0.000675 0.000673  0.000277  0.000021 0.000364  0.000036 0.000264  0.000929  0.000003 0.000473 0.000861  0.000863 0.000285 0.000048  0.000091 0.001191  0.000656 0.000140  0.000169  0.000063  9.729485e-05
0.000351 1.510593e-04 0.000247  0.000617 0.000174 0.000204  0.000126 0.000191  0.000354 0.000465 0.000469  0.000174  0.000021 0.000146  0.000043 0.000208  0.000478 -0.000013 0.000353 0.000576  0.000679 0.000231 0.000091 -0.000027 0.000656  0.000995 0.000066  0.000116 -0.000035  9.270340e-05
0.000093 1.275368e-04 0.000137  0.000079 0.000162 0.000090  0.000065 0.000110  0.000098 0.000130 0.000133  0.000053  0.000062 0.000132  0.000086 0.000106  0.000072  0.000083 0.000098 0.000137  0.000096 0.000088 0.000064  0.000059 0.000140  0.000066 0.000217  0.000086  0.000088  6.789199e-05
0.000130 1.176905e-04 0.000081  0.000193 0.000145 0.000096  0.000082 0.000098  0.000137 0.000162 0.000164  0.000122  0.000025 0.000127  0.000064 0.000149  0.000164  0.000035 0.000117 0.000207  0.000252 0.000102 0.000052  0.000041 0.000169  0.000116 0.000086  0.000171  0.000060 -6.626173e-06
0.000066 6.048018e-05 0.000055  0.000080 0.000083 0.000056 -0.000027 0.000008  0.000072 0.000130 0.000128  0.000035  0.000030 0.000079  0.000058 0.000055  0.000089  0.000045 0.000067 0.000023  0.000048 0.000024 0.000042  0.000009 0.000063 -0.000035 0.000088  0.000060  0.000226  7.151237e-05
0.000063 9.097130e-07 0.000069  0.000161 0.000166 0.000126 -0.000065 0.000082  0.000127 0.000111 0.000114 -0.000010 -0.000014 0.000145  0.000037 0.000037  0.000033  0.000011 0.000081 0.000146  0.000108 0.000041 0.000005 -0.000101 0.000097  0.000093 0.000068 -0.000007  0.000072  4.678794e-04