30
0.003590777838551665
-0.0023349730382373726
-0.0018628147935901198
0.0032794307036518662
0.0009188164638669426
-0.00032028631918489783
0.002079205919572321
0.0009115012906262703
0.0039796158218014435
0.0007727241407955267
0.0008505228566358906
-0.00153102958704022
-0.0030869010494228356
0.0017938189480784575
-0.0015700712452811436
0.0006981140675865837
0.009863272432572848
-0.0002920490455308353
0.0013899455494591484
0.002706423042080259
0.013347684924343432
0.002108205036583818
-0.0006582206886402694
-0.0020323753957247497
0.001177176488895914
0.014960606475720369
-0.0023164093947522385
0.00165678881885993
0.00014151513284907526
0.00042184994399363225

 2.716487e-04 0.000102 1.053782e-04  0.000199  0.000085 0.000073  0.000115  0.000106  0.000128  0.000277  0.000278  0.000158 0.000044 0.000078  0.000038 0.000115  0.000336 -0.000042  0.000196  0.000181  0.000322 0.000066  2.150492e-05  0.000039  0.000138  4.592847e-04 -9.155407e-07 0.000094  9.800591e-07  0.000081
 1.023759e-04 0.000126 9.568522e-05  0.000130  0.000085 0.000058  0.000121  0.000061  0.000095  0.000170  0.000167  0.000100 0.000045 0.000069  0.000041 0.000058  0.000167  0.000038  0.000086  0.000133  0.000167 0.000057  1.259791e-05  0.000046  0.000109  1.035395e-04  2.003664e-06 0.000053  4.851748e-05  0.000033
 1.053782e-04 0.000096 2.218896e-04  0.000184  0.000063 0.000084  0.000106  0.000109  0.000069  0.000208  0.000205  0.000128 0.000019 0.000060  0.000041 0.000085  0.000159  0.000049  0.000122  0.000122  0.000114 0.000071  3.219848e-05  0.000045  0.000095  8.206260e-07  4.246952e-05 0.000035  3.483093e-05  0.000042
 1.990364e-04 0.000130 1.836577e-04  0.000784  0.000135 0.000129  0.000273  0.000171  0.000302  0.000562  0.000551  0.000359 0.000074 0.000074  0.000026 0.000137  0.000710 -0.000067  0.000417  0.000280  0.000468 0.000131  1.106529e-05  0.000052  0.000340  3.729467e-04 -7.216511e-05 0.000112  7.171505e-05 -0.000040
 8.488834e-05 0.000085 6.338060e-05  0.000135  0.000136 0.000070  0.000117  0.000064  0.000116  0.000138  0.000136  0.000116 0.000061 0.000108  0.000036 0.000059  0.000173  0.000033  0.000090  0.000177  0.000156 0.000074  1.383702e-05  0.000053  0.000114  1.026522e-04 -6.838663e-06 0.000060  7.302922e-05  0.000041
 7.260140e-05 0.000058 8.369732e-05  0.000129  0.000070 0.000089  0.000101  0.000073  0.000081  0.000122  0.000117  0.000113 0.000050 0.000065  0.000052 0.000079  0.000115  0.000046  0.000088  0.000106  0.000101 0.000068  4.792659e-05  0.000051  0.000103  3.511029e-05  2.169532e-05 0.000053  4.497545e-05  0.000059
 1.148164e-04 0.000121 1.058783e-04  0.000273  0.000117 0.000101  0.000289  0.000141  0.000217  0.000283  0.000271  0.000188 0.000069 0.000068  0.000027 0.000121  0.000353  0.000014  0.000148  0.000246  0.000220 0.000100  9.600740e-06  0.000041  0.000242  3.729736e-05 -6.867934e-05 0.000066  8.825299e-05  0.000047
 1.056490e-04 0.000061 1.090564e-04  0.000171  0.000064 0.000073  0.000141  0.000221  0.000059  0.000178  0.000172  0.000147 0.000035 0.000052  0.000038 0.000081  0.000161 -0.000022  0.000100  0.000071  0.000092 0.000069  3.544351e-05  0.000037  0.000132  1.624930e-05  5.374056e-06 0.000042  3.385443e-05  0.000033
 1.280397e-04 0.000095 6.904178e-05  0.000302  0.000116 0.000081  0.000217  0.000059  0.000316  0.000283  0.000270  0.000166 0.000064 0.000061  0.000007 0.000129  0.000413 -0.000020  0.000192  0.000309  0.000383 0.000083 -1.858119e-05  0.000014  0.000243  3.100349e-04 -4.791078e-05 0.000105  7.854302e-05  0.000015
 2.774299e-04 0.000170 2.075615e-04  0.000562  0.000138 0.000122  0.000283  0.000178  0.000283  0.000760  0.000754  0.000243 0.000054 0.000074  0.000002 0.000126  0.000809 -0.000086  0.000401  0.000233  0.000429 0.000093 -3.403082e-05  0.000007  0.000397  3.867868e-04 -7.930921e-05 0.000098  1.312683e-05  0.000042
 2.781423e-04 0.000167 2.048729e-04  0.000551  0.000136 0.000117  0.000271  0.000172  0.000270  0.000754  0.000751  0.000241 0.000049 0.000074 -0.000004 0.000118  0.000800 -0.000088  0.000393  0.000218  0.000410 0.000087 -3.763704e-05  0.000005  0.000391  3.822863e-04 -8.161008e-05 0.000094  1.053808e-05  0.000038
 1.576931e-04 0.000100 1.283244e-04  0.000359  0.000116 0.000113  0.000188  0.000147  0.000166  0.000243  0.000241  0.000355 0.000065 0.000083  0.000037 0.000103  0.000328 -0.000019  0.000201  0.000206  0.000306 0.000121  3.624801e-05  0.000055  0.000174  2.121701e-04 -1.136763e-05 0.000072  9.103325e-05 -0.000004
 4.352642e-05 0.000045 1.866313e-05  0.000074  0.000061 0.000050  0.000069  0.000035  0.000064  0.000054  0.000049  0.000065 0.000109 0.000047  0.000038 0.000031  0.000137  0.000059  0.000051  0.000069  0.000090 0.000054  2.945494e-05  0.000050  0.000076  6.385605e-05  2.315107e-05 0.000035  4.451044e-05  0.000007
 7.821170e-05 0.000069 6.000759e-05  0.000074  0.000108 0.000065  0.000068  0.000052  0.000061  0.000074  0.000074  0.000083 0.000047 0.000128  0.000049 0.000055  0.000065  0.000044  0.000067  0.000107  0.000139 0.000077  3.476960e-05  0.000059  0.000054  8.251340e-05  2.236540e-05 0.000056  5.937959e-05  0.000057
 3.829755e-05 0.000041 4.074600e-05  0.000026  0.000036 0.000052  0.000027  0.000038  0.000007  0.000002 -0.000004  0.000037 0.000038 0.000049  0.000092 0.000045 -0.000062  0.000065  0.000031  0.000034  0.000044 0.000044  7.230044e-05  0.000071  0.000001  5.765581e-05  7.658281e-05 0.000033  2.319009e-05  0.000032
 1.154073e-04 0.000058 8.535380e-05  0.000137  0.000059 0.000079  0.000121  0.000081  0.000129  0.000126  0.000118  0.000103 0.000031 0.000055  0.000045 0.000156  0.000108  0.000005  0.000088  0.000178  0.000231 0.000088  4.354841e-05  0.000041  0.000101  1.418110e-04  4.728338e-06 0.000097  2.953747e-05  0.000040
 3.359463e-04 0.000167 1.593302e-04  0.000710  0.000173 0.000115  0.000353  0.000161  0.000413  0.000809  0.000800  0.000328 0.000137 0.000065 -0.000062 0.000108  0.001828 -0.000176  0.000496  0.000295  0.000529 0.000070 -7.591229e-05  0.000012  0.000557  3.939897e-04 -3.365982e-04 0.000088  1.122780e-04 -0.000130
-4.247691e-05 0.000038 4.890731e-05 -0.000067  0.000033 0.000046  0.000014 -0.000022 -0.000020 -0.000086 -0.000088 -0.000019 0.000059 0.000044  0.000065 0.000005 -0.000176  0.000179 -0.000042 -0.000008 -0.000080 0.000022  4.943615e-05  0.000051 -0.000062 -1.932424e-04  9.845745e-05 0.000012  3.681657e-05  0.000072
 1.964562e-04 0.000086 1.216324e-04  0.000417  0.000090 0.000088  0.000148  0.000100  0.000192  0.000401  0.000393  0.000201 0.000051 0.000067  0.000031 0.000088  0.000496 -0.000042  0.000438  0.000177  0.000502 0.000107  1.975751e-05  0.000027  0.000199  3.787492e-04  3.605084e-05 0.000063 -3.048729e-05  0.000075
 1.810239e-04 0.000133 1.215207e-04  0.000280  0.000177 0.000106  0.000246  0.000071  0.000309  0.000233  0.000218  0.000206 0.000069 0.000107  0.000034 0.000178  0.000295 -0.000008  0.000177  0.000635  0.000408 0.000114 -9.713024e-06  0.000054  0.000164  3.849898e-04 -5.403144e-05 0.000134  1.117554e-04  0.000004
 3.216322e-04 0.000167 1.136478e-04  0.000468  0.000156 0.000101  0.000220  0.000092  0.000383  0.000429  0.000410  0.000306 0.000090 0.000139  0.000044 0.000231  0.000529 -0.000080  0.000502  0.000408  0.001622 0.000258  4.202641e-06  0.000017  0.000254  1.112082e-03 -1.979754e-05 0.000216 -8.278880e-05  0.000056
 6.633173e-05 0.000057 7.125350e-05  0.000131  0.000074 0.000068  0.000100  0.000069  0.000083  0.000093  0.000087  0.000121 0.000054 0.000077  0.000044 0.000088  0.000070  0.000022  0.000107  0.000114  0.000258 0.000160  3.303002e-05  0.000049  0.000120  2.756828e-05  3.301376e-05 0.000052  3.049852e-05  0.000040
 2.150492e-05 0.000013 3.219848e-05  0.000011  0.000014 0.000048  0.000010  0.000035 -0.000019 -0.000034 -0.000038  0.000036 0.000029 0.000035  0.000072 0.000044 -0.000076  0.000049  0.000020 -0.000010  0.000004 0.000033  8.776581e-05  0.000062  0.000007  1.011752e-07  6.379271e-05 0.000021  9.745688e-06  0.000042
 3.907491e-05 0.000046 4.498695e-05  0.000052  0.000053 0.000051  0.000041  0.000037  0.000014  0.000007  0.000005  0.000055 0.000050 0.000059  0.000071 0.000041  0.000012  0.000051  0.000027  0.000054  0.000017 0.000049  6.185112e-05  0.000104  0.000052 -2.009137e-06  3.702979e-05 0.000035  6.069739e-05  0.000007
 1.377176e-04 0.000109 9.491694e-05  0.000340  0.000114 0.000103  0.000242  0.000132  0.000243  0.000397  0.000391  0.000174 0.000076 0.000054  0.000001 0.000101  0.000557 -0.000062  0.000199  0.000164  0.000254 0.000120  6.576605e-06  0.000052  0.000517  1.131852e-04 -9.775071e-05 0.000092  7.851474e-05  0.000076
 4.592847e-04 0.000104 8.206260e-07  0.000373  0.000103 0.000035  0.000037  0.000016  0.000310  0.000387  0.000382  0.000212 0.000064 0.000083  0.000058 0.000142  0.000394 -0.000193  0.000379  0.000385  0.001112 0.000028  1.011752e-07 -0.000002  0.000113  2.310958e-03  7.607148e-05 0.000239 -5.878553e-05  0.000063
-9.155407e-07 0.000002 4.246952e-05 -0.000072 -0.000007 0.000022 -0.000069  0.000005 -0.000048 -0.000079 -0.000082 -0.000011 0.000023 0.000022  0.000077 0.000005 -0.000337  0.000098  0.000036 -0.000054 -0.000020 0.000033  6.379271e-05  0.000037 -0.000098  7.607148e-05  2.353391e-04 0.000006 -1.289216e-05  0.000094
 9.400744e-05 0.000053 3.529742e-05  0.000112  0.000060 0.000053  0.000066  0.000042  0.000105  0.000098  0.000094  0.000072 0.000035 0.000056  0.000033 0.000097  0.000088  0.000012  0.000063  0.000134  0.000216 0.000052  2.113922e-05  0.000035  0.000092  2.388273e-04  6.161781e-06 0.000116  4.696124e-05  0.000039
 9.800591e-07 0.000049 3.483093e-05  0.000072  0.000073 0.000045  0.000088  0.000034  0.000079  0.000013  0.000011  0.000091 0.000045 0.000059  0.000023 0.000030  0.000112  0.000037 -0.000030  0.000112 -0.000083 0.000030  9.745688e-06  0.000061  0.000079 -5.878553e-05 -1.289216e-05 0.000047  1.652152e-04 -0.000007
 8.149017e-05 0.000033 4.198408e-05 -0.000040  0.000041 0.000059  0.000047  0.000033  0.000015  0.000042  0.000038 -0.000004 0.000007 0.000057  0.000032 0.000040 -0.000130  0.000072  0.000075  0.000004  0.000056 0.000040  4.160475e-05  0.000007  0.000076  6.301265e-05  9.393868e-05 0.000039 -7.354928e-06  0.000330