30
0.002734937754253581
-0.0005726074412414324
-0.0001855076054392438
0.004762723970275308
-0.00020059164077336687
0.0006268624384529227
0.00012754708257249945
0.0019633886863035612
-0.003187037431122409
0.00260249973103466
0.002613989224336033
0.0008407165972238847
0.00025753145910656095
0.0009523310200083753
-0.001377282456027082
0.0005458754634806348
0.003887721174218769
-0.0001910957886111667
0.002209964955634781
0.006480537657208473
0.010127776665345669
0.005386029953496648
-0.0006944379321985434
-0.001052118551736692
-0.0030043348147967617
0.011112354920411235
-0.0005690389256618387
0.0002785100228798452
-0.0010786590274540844
-0.0021425040713262677

0.000118  0.000025  0.000034  0.000101  0.000036  0.000035  0.000043  0.000049  7.270282e-05  7.242271e-05  6.991596e-05  0.000036  1.710898e-05  4.855325e-05  1.872628e-05  6.956753e-05  7.561104e-05  0.000020  0.000095  9.897183e-05  0.000175  0.000097  0.000023  2.186627e-05  0.000123  0.000148  0.000038 0.000069  0.000028  0.000035
0.000025  0.000083  0.000038  0.000015 -0.000009  0.000019  0.000026  0.000015  2.683365e-05  1.951894e-05  2.044555e-05  0.000012  2.722310e-05  1.375720e-05  3.899043e-05  3.272349e-05  1.725741e-05  0.000048  0.000029 -3.443763e-06 -0.000075  0.000011  0.000037  4.377338e-05  0.000051  0.000017  0.000010 0.000040  0.000016 -0.000012
0.000034  0.000038  0.000128  0.000020  0.000082  0.000045  0.000052  0.000063  1.253628e-04  8.029849e-06  7.974630e-06  0.000079  1.680896e-05  6.510891e-05  3.300012e-05  3.979208e-05  2.719244e-05  0.000003  0.000043  1.153015e-05 -0.000041  0.000019  0.000012  3.314637e-05  0.000075  0.000049  0.000067 0.000051  0.000037  0.000090
0.000101  0.000015  0.000020  0.000322 -0.000002  0.000006  0.000020  0.000032  1.719994e-05  1.561865e-04  1.509616e-04  0.000044  2.565146e-05 -1.306849e-05  9.824384e-06  7.341162e-05  1.302755e-04  0.000019  0.000131  1.920993e-04  0.000049  0.000058  0.000030  2.067747e-06  0.000075  0.000163  0.000030 0.000028 -0.000023 -0.000010
0.000036 -0.000009  0.000082 -0.000002  0.000247  0.000082  0.000050  0.000063  1.422877e-04  1.299897e-05  1.048487e-05  0.000153 -1.485590e-06  1.463919e-04  1.607038e-05  8.156372e-05  3.153514e-05 -0.000056  0.000022  1.052378e-05  0.000097  0.000011 -0.000027  6.726597e-06  0.000120  0.000116  0.000031 0.000078  0.000030  0.000160
0.000035  0.000019  0.000045  0.000006  0.000082  0.000058  0.000039  0.000032  7.306117e-05  2.183757e-05  2.262219e-05  0.000050  1.429057e-05  7.111281e-05  1.875260e-05  4.821544e-05  2.773740e-05 -0.000003  0.000024  4.196124e-05  0.000049  0.000027  0.000005  1.884177e-05  0.000083  0.000079  0.000020 0.000049  0.000009  0.000056
0.000043  0.000026  0.000052  0.000020  0.000050  0.000039  0.000144  0.000043  6.116631e-05  2.534330e-05  2.871909e-05  0.000062  1.926864e-05  4.965454e-05  2.189640e-05  3.631568e-05  3.337621e-05  0.000001  0.000025  1.056680e-04 -0.000071  0.000046  0.000009  2.640726e-05  0.000126  0.000066  0.000012 0.000021  0.000075  0.000056
0.000049  0.000015  0.000063  0.000032  0.000063  0.000032  0.000043  0.000093  5.933083e-05  4.484555e-05  4.516914e-05  0.000052  6.463847e-06  5.817338e-05  1.990010e-05  3.396822e-05  5.830884e-05 -0.000014  0.000078  5.062350e-05  0.000173  0.000089  0.000014  1.727469e-05  0.000038  0.000086  0.000006 0.000049  0.000024  0.000055
0.000073  0.000027  0.000125  0.000017  0.000142  0.000073  0.000061  0.000059  3.645818e-04 -3.241694e-05 -3.740423e-05  0.000119  1.743722e-05  9.649262e-05  8.607580e-07  8.224630e-05  3.063154e-05 -0.000003  0.000059  4.544245e-05  0.000073  0.000053 -0.000023  1.524580e-07  0.000095  0.000092  0.000050 0.000072  0.000045  0.000141
0.000072  0.000020  0.000008  0.000156  0.000013  0.000022  0.000025  0.000045 -3.241694e-05  2.820067e-04  2.794720e-04 -0.000029  1.426764e-07 -2.349247e-06 -1.697830e-06  7.922060e-05  1.148640e-04  0.000005  0.000148  1.301775e-04  0.000251  0.000118  0.000001 -7.889474e-06  0.000049  0.000170 -0.000008 0.000054 -0.000030 -0.000056
0.000070  0.000020  0.000008  0.000151  0.000010  0.000023  0.000029  0.000045 -3.740423e-05  2.794720e-04  2.786707e-04 -0.000033  1.570944e-06 -9.628973e-07  1.992064e-06  7.780476e-05  1.148896e-04  0.000008  0.000144  1.275151e-04  0.000239  0.000115  0.000005 -5.349991e-06  0.000048  0.000165 -0.000006 0.000054 -0.000027 -0.000058
0.000036  0.000012  0.000079  0.000044  0.000153  0.000050  0.000062  0.000052  1.190299e-04 -2.941645e-05 -3.255827e-05  0.000205  5.679720e-06  8.722362e-05  2.775984e-05  5.899670e-05  3.326845e-05 -0.000035  0.000006  2.767433e-05 -0.000012 -0.000021  0.000006  1.944402e-05  0.000050  0.000047  0.000046 0.000044  0.000051  0.000134
0.000017  0.000027  0.000017  0.000026 -0.000001  0.000014  0.000019  0.000006  1.743722e-05  1.426764e-07  1.570944e-06  0.000006  4.188921e-05  1.314957e-05  2.313513e-05 -2.261170e-07  1.764851e-06  0.000038  0.000010 -2.351332e-08 -0.000083  0.000008  0.000025  2.432279e-05  0.000049  0.000041  0.000014 0.000004  0.000005  0.000011
0.000049  0.000014  0.000065 -0.000013  0.000146  0.000071  0.000050  0.000058  9.649262e-05 -2.349247e-06 -9.628973e-07  0.000087  1.314957e-05  1.534889e-04  2.285784e-05  7.155477e-05  3.433811e-05 -0.000010  0.000030  4.233890e-05  0.000142  0.000051  0.000003  2.008019e-05  0.000091  0.000079  0.000038 0.000082  0.000014  0.000094
0.000019  0.000039  0.000033  0.000010  0.000016  0.000019  0.000022  0.000020  8.607580e-07 -1.697830e-06  1.992064e-06  0.000028  2.313513e-05  2.285784e-05  5.226986e-05  1.498995e-05  4.976175e-06  0.000027  0.000015 -1.400913e-05 -0.000013  0.000019  0.000043  5.209612e-05  0.000039 -0.000005  0.000016 0.000024  0.000011  0.000028
0.000070  0.000033  0.000040  0.000073  0.000082  0.000048  0.000036  0.000034  8.224630e-05  7.922060e-05  7.780476e-05  0.000059 -2.261170e-07  7.155477e-05  1.498995e-05  1.471982e-04  8.263637e-05 -0.000006  0.000087  5.121143e-05  0.000135  0.000104  0.000014  1.545658e-05  0.000092  0.000061  0.000008 0.000119  0.000015  0.000036
0.000076  0.000017  0.000027  0.000130  0.000032  0.000028  0.000033  0.000058  3.063154e-05  1.148640e-04  1.148896e-04  0.000033  1.764851e-06  3.433811e-05  4.976175e-06  8.263637e-05  2.308324e-04  0.000009  0.000128  1.397906e-04  0.000268  0.000096  0.000015  9.297522e-08  0.000114  0.000153  0.000038 0.000070 -0.000005 -0.000028
0.000020  0.000048  0.000003  0.000019 -0.000056 -0.000003  0.000001 -0.000014 -2.580618e-06  4.726778e-06  7.625490e-06 -0.000035  3.754312e-05 -1.047943e-05  2.737731e-05 -6.291461e-06  9.245632e-06  0.000106  0.000014 -3.126586e-05 -0.000076 -0.000012  0.000048  3.973255e-05  0.000016  0.000001  0.000063 0.000013 -0.000017 -0.000027
0.000095  0.000029  0.000043  0.000131  0.000022  0.000024  0.000025  0.000078  5.893201e-05  1.481858e-04  1.437740e-04  0.000006  1.047466e-05  2.961704e-05  1.479278e-05  8.679700e-05  1.283805e-04  0.000014  0.000194  9.351662e-05  0.000376  0.000184  0.000027  1.859997e-05  0.000056  0.000138  0.000016 0.000066 -0.000022 -0.000017
0.000099 -0.000003  0.000012  0.000192  0.000011  0.000042  0.000106  0.000051  4.544245e-05  1.301775e-04  1.275151e-04  0.000028 -2.351332e-08  4.233890e-05 -1.400913e-05  5.121143e-05  1.397906e-04 -0.000031  0.000094  5.285756e-04  0.000134  0.000095 -0.000005 -4.529316e-05  0.000133  0.000270 -0.000006 0.000023  0.000047  0.000036
0.000175 -0.000075 -0.000041  0.000049  0.000097  0.000049 -0.000071  0.000173  7.264875e-05  2.507372e-04  2.386420e-04 -0.000012 -8.276932e-05  1.415050e-04 -1.334599e-05  1.350446e-04  2.676658e-04 -0.000076  0.000376  1.344389e-04  0.002015  0.000506 -0.000009 -1.995949e-05  0.000020  0.000292 -0.000059 0.000111 -0.000190 -0.000092
0.000097  0.000011  0.000019  0.000058  0.000011  0.000027  0.000046  0.000089  5.312189e-05  1.177061e-04  1.149600e-04 -0.000021  7.504478e-06  5.093316e-05  1.873864e-05  1.044303e-04  9.602685e-05 -0.000012  0.000184  9.500894e-05  0.000506  0.000385  0.000039  2.353962e-05  0.000013  0.000079 -0.000055 0.000081  0.000005 -0.000033
0.000023  0.000037  0.000012  0.000030 -0.000027  0.000005  0.000009  0.000014 -2.286812e-05  1.467547e-06  4.944878e-06  0.000006  2.525602e-05  2.936873e-06  4.319914e-05  1.415516e-05  1.454834e-05  0.000048  0.000027 -4.926043e-06 -0.000009  0.000039  0.000062  5.041773e-05 -0.000019 -0.000013  0.000021 0.000024  0.000008 -0.000007
0.000022  0.000044  0.000033  0.000002  0.000007  0.000019  0.000026  0.000017  1.524580e-07 -7.889474e-06 -5.349991e-06  0.000019  2.432279e-05  2.008019e-05  5.209612e-05  1.545658e-05  9.297522e-08  0.000040  0.000019 -4.529316e-05 -0.000020  0.000024  0.000050  7.693476e-05  0.000015 -0.000025  0.000014 0.000032  0.000014  0.000026
0.000123  0.000051  0.000075  0.000075  0.000120  0.000083  0.000126  0.000038  9.493861e-05  4.860308e-05  4.849507e-05  0.000050  4.942132e-05  9.058923e-05  3.925062e-05  9.211931e-05  1.142850e-04  0.000016  0.000056  1.327116e-04  0.000020  0.000013 -0.000019  1.495409e-05  0.000784  0.000381  0.000086 0.000067  0.000069  0.000073
0.000148  0.000017  0.000049  0.000163  0.000116  0.000079  0.000066  0.000086  9.198303e-05  1.703492e-04  1.650264e-04  0.000047  4.100690e-05  7.851301e-05 -4.983408e-06  6.143482e-05  1.527419e-04  0.000001  0.000138  2.699215e-04  0.000292  0.000079 -0.000013 -2.547470e-05  0.000381  0.000734  0.000074 0.000061  0.000008  0.000003
0.000038  0.000010  0.000067  0.000030  0.000031  0.000020  0.000012  0.000006  4.985692e-05 -7.968284e-06 -6.396174e-06  0.000046  1.380240e-05  3.765565e-05  1.555527e-05  8.087060e-06  3.808166e-05  0.000063  0.000016 -6.079076e-06 -0.000059 -0.000055  0.000021  1.429390e-05  0.000086  0.000074  0.000206 0.000022  0.000008  0.000034
0.000069  0.000040  0.000051  0.000028  0.000078  0.000049  0.000021  0.000049  7.242663e-05  5.370438e-05  5.388610e-05  0.000044  3.694073e-06  8.230419e-05  2.386560e-05  1.186670e-04  7.026920e-05  0.000013  0.000066  2.319508e-05  0.000111  0.000081  0.000024  3.174149e-05  0.000067  0.000061  0.000022 0.000144  0.000020  0.000063
0.000028  0.000016  0.000037 -0.000023  0.000030  0.000009  0.000075  0.000024  4.454664e-05 -2.981745e-05 -2.671314e-05  0.000051  5.294632e-06  1.425107e-05  1.099983e-05  1.509294e-05 -5.370620e-06 -0.000017 -0.000022  4.729501e-05 -0.000190  0.000005  0.000008  1.386438e-05  0.000069  0.000008  0.000008 0.000020  0.000156  0.000069
0.000035 -0.000012  0.000090 -0.000010  0.000160  0.000056  0.000056  0.000055  1.407558e-04 -5.612649e-05 -5.760307e-05  0.000134  1.070358e-05  9.405194e-05  2.792894e-05  3.582258e-05 -2.757242e-05 -0.000027 -0.000017  3.647864e-05 -0.000092 -0.000033 -0.000007  2.620587e-05  0.000073  0.000003  0.000034 0.000063  0.000069  0.000234