30
0.0032798849125067193
0.0026265324459061575
3.400170903979255e-05
0.002953045340904931
-0.003204061303605701
0.0018180334868983879
0.0027338849891251826
-0.0004615556337302748
0.0005957388953737074
0.004440509015669828
0.004304244760460866
0.0006037092772912223
0.0012410679988400094
-0.00023689038759589976
0.001824434703889155
0.0016483753560714608
0.008549091338157077
0.0015285536671069003
0.0049627271267676685
0.0007523713457615858
0.004083082491079135
0.0019013736727090907
0.002092125072136305
0.0029078181524806223
0.0008585098004477012
-0.0048725718435845035
0.0006044903939565845
0.0013241827906207168
0.00043303499168978465
0.0017456961917795709

0.000171  0.000092 0.000100  0.000173 0.000086 0.000083 0.000124  0.000079 0.000131 0.000161 0.000156 0.000091  0.000040  0.000073 3.403754e-05 0.000090 0.000264  0.000032  0.000131 0.000167  0.000140 0.000107  0.000035 0.000036 0.000155 2.246869e-04  0.000042 0.000084 0.000057  0.000065
0.000092  0.000290 0.000076  0.000143 0.000087 0.000070 0.000094 -0.000007 0.000072 0.000077 0.000070 0.000054  0.000076  0.000106 3.139463e-05 0.000056 0.000130  0.000011  0.000052 0.000057  0.000084 0.000077  0.000032 0.000049 0.000084 1.806645e-04 -0.000019 0.000044 0.000053  0.000055
0.000100  0.000076 0.000146  0.000104 0.000134 0.000085 0.000133  0.000066 0.000131 0.000106 0.000103 0.000084  0.000026  0.000070 3.108299e-05 0.000076 0.000186  0.000021  0.000094 0.000110  0.000097 0.000083  0.000033 0.000032 0.000162 2.160719e-04  0.000015 0.000058 0.000054  0.000045
0.000173  0.000143 0.000104  0.000446 0.000122 0.000060 0.000170  0.000061 0.000178 0.000234 0.000229 0.000072  0.000002  0.000096 7.937878e-06 0.000087 0.000406 -0.000022  0.000253 0.000210  0.000223 0.000105  0.000002 0.000048 0.000215 3.321603e-04 -0.000026 0.000067 0.000072  0.000003
0.000086  0.000087 0.000134  0.000122 0.000525 0.000173 0.000170  0.000080 0.000213 0.000087 0.000084 0.000122  0.000032  0.000380 3.233057e-05 0.000139 0.000229  0.000102  0.000007 0.000120  0.000125 0.000120  0.000014 0.000016 0.000222 3.784832e-04  0.000059 0.000125 0.000096  0.000184
0.000083  0.000070 0.000085  0.000060 0.000173 0.000124 0.000094  0.000059 0.000113 0.000060 0.000059 0.000064  0.000048  0.000168 3.407829e-05 0.000072 0.000152  0.000076  0.000005 0.000069  0.000056 0.000089  0.000027 0.000031 0.000102 1.707295e-04  0.000062 0.000067 0.000053  0.000120
0.000124  0.000094 0.000133  0.000170 0.000170 0.000094 0.000374  0.000074 0.000206 0.000130 0.000124 0.000142  0.000045  0.000108 3.325625e-05 0.000098 0.000386  0.000064  0.000100 0.000143  0.000099 0.000089  0.000051 0.000051 0.000174 3.230003e-04  0.000086 0.000065 0.000180  0.000090
0.000079 -0.000007 0.000066  0.000061 0.000080 0.000059 0.000074  0.000165 0.000121 0.000076 0.000074 0.000072  0.000031  0.000053 2.643148e-05 0.000047 0.000130  0.000047  0.000056 0.000163  0.000103 0.000072  0.000030 0.000047 0.000115 2.190177e-04  0.000076 0.000054 0.000062  0.000063
0.000131  0.000072 0.000131  0.000178 0.000213 0.000113 0.000206  0.000121 0.000258 0.000143 0.000139 0.000132  0.000045  0.000147 2.709413e-05 0.000126 0.000271  0.000067  0.000085 0.000227  0.000169 0.000127  0.000030 0.000041 0.000185 3.540332e-04  0.000081 0.000114 0.000103  0.000120
0.000161  0.000077 0.000106  0.000234 0.000087 0.000060 0.000130  0.000076 0.000143 0.000351 0.000344 0.000085  0.000043  0.000077 2.007376e-05 0.000102 0.000344  0.000028  0.000198 0.000202  0.000176 0.000104  0.000020 0.000052 0.000192 2.288004e-04  0.000066 0.000094 0.000053  0.000025
0.000156  0.000070 0.000103  0.000229 0.000084 0.000059 0.000124  0.000074 0.000139 0.000344 0.000340 0.000081  0.000040  0.000080 1.798804e-05 0.000101 0.000344  0.000029  0.000195 0.000199  0.000170 0.000099  0.000017 0.000052 0.000188 2.275895e-04  0.000059 0.000092 0.000052  0.000018
0.000091  0.000054 0.000084  0.000072 0.000122 0.000064 0.000142  0.000072 0.000132 0.000085 0.000081 0.000169  0.000011  0.000082 2.328389e-05 0.000079 0.000141  0.000010  0.000026 0.000147  0.000100 0.000063  0.000027 0.000040 0.000117 1.864309e-04  0.000037 0.000072 0.000049  0.000054
0.000040  0.000076 0.000026  0.000002 0.000032 0.000048 0.000045  0.000031 0.000045 0.000043 0.000040 0.000011  0.000133  0.000037 3.709291e-05 0.000035 0.000036  0.000097 -0.000020 0.000058 -0.000049 0.000038  0.000048 0.000034 0.000019 5.177065e-05  0.000087 0.000039 0.000054  0.000056
0.000073  0.000106 0.000070  0.000096 0.000380 0.000168 0.000108  0.000053 0.000147 0.000077 0.000080 0.000082  0.000037  0.000476 1.154275e-05 0.000116 0.000203  0.000068 -0.000036 0.000059  0.000127 0.000094 -0.000014 0.000003 0.000124 3.455374e-04  0.000006 0.000105 0.000065  0.000186
0.000034  0.000031 0.000031  0.000008 0.000032 0.000034 0.000033  0.000026 0.000027 0.000020 0.000018 0.000023  0.000037  0.000012 4.087449e-05 0.000021 0.000016  0.000044  0.000019 0.000047  0.000016 0.000033  0.000038 0.000029 0.000021 4.333503e-07  0.000039 0.000019 0.000023  0.000021
0.000090  0.000056 0.000076  0.000087 0.000139 0.000072 0.000098  0.000047 0.000126 0.000102 0.000101 0.000079  0.000035  0.000116 2.057685e-05 0.000118 0.000159  0.000045  0.000056 0.000104  0.000091 0.000080  0.000002 0.000013 0.000110 1.719013e-04  0.000032 0.000104 0.000046  0.000107
0.000264  0.000130 0.000186  0.000406 0.000229 0.000152 0.000386  0.000130 0.000271 0.000344 0.000344 0.000141  0.000036  0.000203 1.645826e-05 0.000159 0.000866  0.000078  0.000280 0.000302  0.000258 0.000131  0.000020 0.000072 0.000313 5.205972e-04  0.000078 0.000123 0.000201  0.000072
0.000032  0.000011 0.000021 -0.000022 0.000102 0.000076 0.000064  0.000047 0.000067 0.000028 0.000029 0.000010  0.000097  0.000068 4.415297e-05 0.000045 0.000078  0.000209 -0.000053 0.000047 -0.000059 0.000039  0.000043 0.000043 0.000029 5.630805e-05  0.000124 0.000049 0.000065  0.000104
0.000131  0.000052 0.000094  0.000253 0.000007 0.000005 0.000100  0.000056 0.000085 0.000198 0.000195 0.000026 -0.000020 -0.000036 1.904124e-05 0.000056 0.000280 -0.000053  0.000354 0.000166  0.000225 0.000063  0.000006 0.000022 0.000148 1.268052e-04 -0.000016 0.000041 0.000028 -0.000062
0.000167  0.000057 0.000110  0.000210 0.000120 0.000069 0.000143  0.000163 0.000227 0.000202 0.000199 0.000147  0.000058  0.000059 4.677413e-05 0.000104 0.000302  0.000047  0.000166 0.000543  0.000197 0.000092  0.000055 0.000061 0.000124 2.791140e-04  0.000086 0.000113 0.000081  0.000028
0.000140  0.000084 0.000097  0.000223 0.000125 0.000056 0.000099  0.000103 0.000169 0.000176 0.000170 0.000100 -0.000049  0.000127 1.582596e-05 0.000091 0.000258 -0.000059  0.000225 0.000197  0.000428 0.000096 -0.000004 0.000024 0.000137 2.596477e-04 -0.000020 0.000085 0.000032  0.000020
0.000107  0.000077 0.000083  0.000105 0.000120 0.000089 0.000089  0.000072 0.000127 0.000104 0.000099 0.000063  0.000038  0.000094 3.256671e-05 0.000080 0.000131  0.000039  0.000063 0.000092  0.000096 0.000165  0.000022 0.000035 0.000104 1.666365e-04  0.000077 0.000074 0.000054  0.000109
0.000035  0.000032 0.000033  0.000002 0.000014 0.000027 0.000051  0.000030 0.000030 0.000020 0.000017 0.000027  0.000048 -0.000014 3.779407e-05 0.000002 0.000020  0.000043  0.000006 0.000055 -0.000004 0.000022  0.000068 0.000041 0.000025 2.978721e-05  0.000050 0.000003 0.000039  0.000003
0.000036  0.000049 0.000032  0.000048 0.000016 0.000031 0.000051  0.000047 0.000041 0.000052 0.000052 0.000040  0.000034  0.000003 2.882095e-05 0.000013 0.000072  0.000043  0.000022 0.000061  0.000024 0.000035  0.000041 0.000087 0.000039 5.255798e-05  0.000046 0.000008 0.000041  0.000010
0.000155  0.000084 0.000162  0.000215 0.000222 0.000102 0.000174  0.000115 0.000185 0.000192 0.000188 0.000117  0.000019  0.000124 2.147944e-05 0.000110 0.000313  0.000029  0.000148 0.000124  0.000137 0.000104  0.000025 0.000039 0.000340 3.616637e-04  0.000028 0.000095 0.000076  0.000103
0.000225  0.000181 0.000216  0.000332 0.000378 0.000171 0.000323  0.000219 0.000354 0.000229 0.000228 0.000186  0.000052  0.000346 4.333503e-07 0.000172 0.000521  0.000056  0.000127 0.000279  0.000260 0.000167  0.000030 0.000053 0.000362 1.127343e-03  0.000028 0.000148 0.000235  0.000134
0.000042 -0.000019 0.000015 -0.000026 0.000059 0.000062 0.000086  0.000076 0.000081 0.000066 0.000059 0.000037  0.000087  0.000006 3.908166e-05 0.000032 0.000078  0.000124 -0.000016 0.000086 -0.000020 0.000077  0.000050 0.000046 0.000028 2.795371e-05  0.000213 0.000046 0.000067  0.000126
0.000084  0.000044 0.000058  0.000067 0.000125 0.000067 0.000065  0.000054 0.000114 0.000094 0.000092 0.000072  0.000039  0.000105 1.916318e-05 0.000104 0.000123  0.000049  0.000041 0.000113  0.000085 0.000074  0.000003 0.000008 0.000095 1.483274e-04  0.000046 0.000107 0.000025  0.000106
0.000057  0.000053 0.000054  0.000072 0.000096 0.000053 0.000180  0.000062 0.000103 0.000053 0.000052 0.000049  0.000054  0.000065 2.316698e-05 0.000046 0.000201  0.000065  0.000028 0.000081  0.000032 0.000054  0.000039 0.000041 0.000076 2.345906e-04  0.000067 0.000025 0.000167  0.000066
0.000065  0.000055 0.000045  0.000003 0.000184 0.000120 0.000090  0.000063 0.000120 0.000025 0.000018 0.000054  0.000056  0.000186 2.117345e-05 0.000107 0.000072  0.000104 -0.000062 0.000028  0.000020 0.000109  0.000003 0.000010 0.000103 1.344119e-04  0.000126 0.000106 0.000066  0.000332